7 90 16
4 31 9
15 98 0
x
x
13 12 0
x
14 96 0
15 95 1
x
9 59 33
2 1 43
x
5 63 34
14 37 21
6 84 39
15 57 22
1 95 3
7 86 19
13 11 1
13 8 4
x
x
14 32 22
1 90 28
15 28 23
x
x
13 4 5
6 6 4
1 87 25
4 18 14
6 82 18
0 69 43
14 94 1
5 59 42
x
3 10 21
0 66 26
x
0 62 29
12 84 34
1 28 11
0 58 16
14 31 23
5 56 37
13 0 11
x
4 41 20
10 92 44
15 91 2
4 30 37
14 0 35
0 56 25
4 24 2
0 54 41
5 51 19
6 77 3
14 99 2
15 86 3
13 83 35
5 94 1
4 16 39
4 29 24
1 82 36
5 47 18
14 91 3
6 70 12
x
15 84 4
6 67 17
x
6 64 10
x
x
7 85 32
0 43 22
15 27 24
7 83 8
4 12 30
6 61 0
0 35 14
0 31 20
9 57 2
3 8 26
x
14 88 4
x
1 80 9
14 22 24
3 3 16
14 3 36
7 79 22
9 52 44
13 82 36
9 50 41
x
x
1 77 14
10 88 31
9 48 37
5 45 40
13 73 37
4 11 17
x
9 44 5
10 86 36
4 8 29
x
15 22 25
12 92 37
x
2 0 37
12 28 15
14 17 25
0 52 4
12 42 20
4 3 34
x
13 68 38
12 23 21
x
2 96 35
11 70 37
11 61 39
11 68 40
12 90 38
0 26 10
5 39 26
11 59 44
x
3 2 44
15 78 5
9 40 38
14 86 5
15 75 6
14 85 6
15 74 7
x
10 83 41
7 77 18
4 0 43
1 74 32
x
6 56 20
10 78 42
2 92 12
9 43 21
3 0 28
11 1 1
1 72 18
3 97 7
x
14 82 7
15 18 26
1 68 31
x
3 95 42
9 37 32
5 35 30
5 33 17
12 18 2
x
9 34 8
13 80 39
9 30 29
0 49 32
0 74 19
12 81 39
3 93 37
0 22 40
5 29 27
9 28 35
12 17 13
x
x
6 51 2
0 48 11
5 24 44
9 18 3
7 72 26
14 12 26
10 74 4
13 65 40
15 15 27
5 20 10
0 20 15
12 13 28
9 25 26
x
1 66 13
6 49 42
0 41 38
10 70 6
3 92 1
3 89 18
3 87 32
7 67 44
12 77 40
3 83 13
2 91 42
13 61 41
3 78 24
6 45 31
0 16 44
3 76 40
2 90 4
3 68 5
5 93 25
7 66 33
3 75 17
x
x
x
0 14 2
11 57 31
12 11 1
1 56 5
x
15 71 8
9 16 27
9 12 7
14 78 8
x
x
7 62 4
10 68 24
x
10 64 16
12 76 41
x
1 65 34
15 67 9
10 62 8
11 0 19
x
13 57 42
x
11 52 20
3 73 38
6 43 37
12 74 42
x
9 7 17
10 57 25
10 54 7
1 49 27
6 38 24
3 61 3
1 44 42
13 50 43
14 30 27
5 18 0
3 53 27
12 73 43
0 13 37
2 86 20
10 49 14
x
x
5 14 4
10 44 15
5 10 6
x
10 42 5
7 60 20
6 35 11
10 33 11
10 40 38
1 63 22
0 12 1
6 76 23
x
5 8 14
14 74 9
1 41 2
0 11 0
x
6 34 43
15 65 10
10 30 39
13 79 44
12 70 44
5 5 1
x
14 73 10
12 67 36
x
x
7 59 13
15 63 11
12 10 29
12 6 30
6 31 30
5 0 32
14 68 11
7 57 31
10 26 43
0 5 19
9 5 1
x
x
7 54 5
0 3 31
10 19 22
9 2 4
11 47 33
8 94 6
3 44 8
8 88 31
11 95 38
x
10 37 32
1 36 37
10 25 19
15 59 12
4 97 13
x
2 83 2
x
11 90 41
14 65 12
8 78 42
x
4 93 11
15 11 28
7 53 32
4 89 21
2 82 1
9 0 11
2 77 19
1 32 6
11 85 43
4 86 38
2 75 32
3 39 10
15 53 13
6 27 9
0 0 13
11 45 16
12 2 3
6 25 6
4 81 25
x
7 48 21
x
6 22 15
14 64 13
4 76 33
13 56 44
10 14 23
1 29 1
15 48 14
6 20 14
14 28 28
15 5 29
1 22 33
3 31 22
6 15 5
1 17 17
7 46 24
4 71 15
6 14 19
6 12 32
4 68 31
x
7 42 40
12 0 8
10 24 34
11 41 12
8 92 16
14 58 14
x
7 39 29
13 43 22
6 9 39
10 11 18
8 85 21
4 67 39
2 68 40
8 74 39
13 38 23
3 26 23
10 9 17
13 34 24
x
14 8 29
10 4 20
x
13 30 27
10 1 36
x
1 13 39
x
7 36 35
x
13 49 31
x
x
1 10 24
x
15 0 30
x
2 65 17
8 68 40
1 7 34
x
4 65 40
7 32 23
15 45 15
14 56 15
1 3 35
8 65 23
x
4 59 41
0 95 12
7 28 27
8 72 18
8 61 12
8 53 0
8 48 9
8 43 15
4 57 3
9 97 24
1 62 41
x
6 8 18
6 0 22
12 62 32
13 28 2
11 38 18
2 57 29
15 58 16
14 55 16
9 92 13
15 40 17
2 52 38
x
4 54 16
8 39 2
13 24 6
x
x
5 95 23
x
13 23 7
0 90 7
x
0 85 9
x
x
8 58 41
14 51 17
9 86 28
3 67 35
4 64 17
15 37 18
2 74 43
14 48 18
x
5 88 29
2 43 44
x
13 22 10
8 36 37
7 24 25
11 79 19
x
x
x
13 20 13
x
x
x
1 55 20
9 24 36
x
x
x
10 18 21
9 83 30
11 35 13
x
15 34 19
11 34 6
5 78 35
14 45 19
4 53 34
8 33 38
14 5 30
x
x
8 31 24
2 62 41
5 73 36
7 21 7
10 0 8
8 26 28
9 79 19
4 51 8
2 50 42
3 58 36
3 65 4
2 39 4
15 10 31
13 19 16
x
11 30 29
7 18 34
2 36 7
2 49 25
11 23 26
9 69 34
7 13 33
7 11 6
8 24 35
x
2 31 0
7 7 13
12 57 35
11 80 36
8 20 43
14 4 31
0 80 8
9 91 35
2 29 6
13 18 39
3 23 37
8 99 22
9 90 3
3 50 6
2 27 1
11 19 27
x
x
8 16 30
8 14 27
4 48 12
11 28 34
3 38 1
8 12 25
8 9 10
3 36 19
x
x
1 40 10
x
x
9 77 12
11 75 42
x
x
15 9 32
7 2 41
9 66 10
x
2 26 18
6 95 16
13 95 32
13 17 44
7 0 32
3 20 31
2 24 33
x
x
13 92 33
9 75 0
12 52 31
x
7 35 37
8 4 14
11 18 19
11 14 10
4 36 0
6 90 8
6 86 38
7 95 1
x
1 0 23
x
0 77 18
x
x
12 47 7
5 84 43
5 70 28
12 96 33
11 11 0
2 20 15
x
x
2 15 21
5 66 7
x
4 45 28
x
0 75 13
2 12 26
11 8 9
x
8 84 13
9 63 9
13 88 34
2 7 30
x
15 32 20
3 14 39
14 42 20
3 12 11
12 43 10
12 37 16
8 0 36
7 92 11
2 4 11
x
15 29 21
x
x
x
12 33 23
x
11 6 17
3 19 17
13 16 28
10 96 40
